For a given inlink representation of:
A D E F
B A F
C A B D
D B C
E B C D F
F A B D


Pagerank of 6 vertices after 1 Iteration:

A : 0.24930555555555556
B : 0.11944444444444444
C : 0.14305555555555555
D : 0.13124999999999998
E : 0.21388888888888885
F : 0.14305555555555555


PageRank of 6 vertices after 10 iterations:

A : 0.25203637602817186
B : 0.13930650918251075
C : 0.15129376593475066
D : 0.11896297277689877
E : 0.18710661014291707
F : 0.15129376593475066


PageRank of 6 vertices after 100 iterations:

A : 0.25212710537519556
B : 0.13930618531853856
C : 0.15130648986670525
D : 0.11890782257353917
E : 0.18704590699931606
F : 0.15130648986670525
